30
1.000000 0.005257 0.001408 0.001428 0.001538 0.007725 0.003604 0.005982 0.007718 0.005745 0.000290 0.000629 0.001198 0.004868 0.009791 0.007305 0.003558 0.007743 0.009328 0.006873 0.000424 0.009276 0.004183 0.006926 0.005978 0.002768 0.004236 0.003104 0.001980 0.008057 0.003778 0.002796 0.005788 0.004885 0.001796 0.004448 0.005150 0.007724 0.004006 0.007268 
0.008010 1.000000 0.003239 0.009839 0.007654 0.007678 0.003275 0.005110 0.002513 0.005865 0.000782 0.002214 0.000015 0.009158 0.007611 0.008375 0.001297 0.007199 0.008857 0.005916 0.007255 0.003213 0.002194 0.009703 0.001284 0.000226 0.005550 0.007986 0.005025 0.007774 0.008449 0.002603 0.001642 0.008796 0.005755 0.008931 0.002659 0.001937 0.006646 0.002038 
0.006709 0.002798 1.000000 0.007127 0.002291 0.001985 0.001818 0.001496 0.003595 0.006445 0.001699 0.000861 0.000865 0.000622 0.001411 0.007363 0.007046 0.003420 0.001094 0.007523 0.007649 0.006908 0.002554 0.007441 0.003675 0.007997 0.004585 0.002598 0.000585 0.006567 0.006164 0.009733 0.005849 0.003327 0.005437 0.007745 0.001725 0.002536 0.005330 0.004069 
0.007890 0.003815 0.004151 1.000000 0.002024 0.000841 0.008812 0.004555 0.004482 0.008794 0.009093 0.001502 0.007989 0.002472 0.000531 0.009383 0.000324 0.008581 0.006568 0.004745 0.008305 0.006442 0.004176 0.009227 0.004540 0.007183 0.002928 0.002643 0.000828 0.006063 0.004203 0.008195 0.003570 0.009220 0.002044 0.000902 0.009479 0.003077 0.004447 0.001471 
0.002593 0.005076 0.001345 0.006456 1.000000 0.008394 0.002321 0.008782 0.003623 0.000695 0.009592 0.004860 0.002768 0.003705 0.008009 0.006920 0.001662 0.008611 0.004497 0.001404 0.007248 0.006529 0.004789 0.000410 0.001535 0.005750 0.009528 0.004213 0.006394 0.005420 0.005510 0.009811 0.009490 0.004978 0.007708 0.003095 0.004267 0.000216 0.009771 0.006461 
0.004953 0.009730 0.001927 0.008426 0.006254 1.000000 0.007339 0.006398 0.006120 0.001601 0.008481 0.001158 0.004110 0.002004 0.006916 0.002794 0.005462 0.008000 0.004175 0.007776 0.007217 0.003832 0.001368 0.003535 0.001765 0.005086 0.005009 0.009828 0.001908 0.004588 0.002756 0.004768 0.009908 0.007987 0.001977 0.003430 0.006494 0.002217 0.002087 0.005876 
0.008305 0.009863 0.004988 0.006896 0.009135 0.003061 1.000000 0.009977 0.009389 0.000401 0.003497 0.009365 0.009537 0.001772 0.008814 0.000621 0.006933 0.000420 0.001082 0.000569 0.006671 0.001972 0.008295 0.001955 0.005879 0.000208 0.006771 0.003024 0.000703 0.009552 0.008194 0.004167 0.000653 0.009465 0.004659 0.008795 0.003784 0.005218 0.007055 0.004405 
0.001999 0.009692 0.005465 0.006602 0.004184 0.007080 0.009314 1.000000 0.005654 0.000148 0.003902 0.002239 0.007232 0.002241 0.006536 0.000132 0.009239 0.004434 0.005638 0.000819 0.004218 0.000821 0.006241 0.004517 0.002666 0.003760 0.000013 0.002914 0.005889 0.005896 0.004185 0.000539 0.007316 0.005414 0.001695 0.001214 0.003439 0.001205 0.000866 0.000894 
0.006118 0.007715 0.004313 0.000844 0.009386 0.008743 0.009875 0.005884 1.000000 0.004784 0.009174 0.002027 0.005073 0.006908 0.008358 0.007571 0.002314 0.001452 0.000813 0.005299 0.002884 0.009528 0.001991 0.006354 0.008286 0.006169 0.004716 0.001550 0.002626 0.001949 0.000281 0.000344 0.005249 0.006106 0.003179 0.007522 0.002931 0.004437 0.002097 0.009780 
0.002568 0.000651 0.003884 0.001490 0.002196 0.003048 0.004964 0.009402 0.007904 1.000000 0.006650 0.006226 0.000977 0.000855 0.004573 0.004341 0.002312 0.000131 0.004822 0.001145 0.000086 0.001225 0.001730 0.003656 0.002367 0.003324 0.007702 0.009552 0.008467 0.003636 0.006389 0.009550 0.002966 0.005117 0.007451 0.009782 0.004311 0.007939 0.004715 0.001562 
0.004061 0.009868 0.003859 0.000373 0.006719 0.004234 0.007296 0.009663 0.006142 0.002031 1.000000 0.003068 0.002370 0.003289 0.002714 0.006825 0.001008 0.006399 0.006179 0.004464 0.002716 0.007047 0.009383 0.001757 0.008771 0.008185 0.005512 0.004388 0.009460 0.008909 0.008729 0.003064 0.007060 0.008264 0.004573 0.002671 0.004761 0.009744 0.004033 0.006851 
0.006960 0.003469 0.004569 0.001123 0.002187 0.003319 0.008322 0.000046 0.007609 0.006983 0.006869 1.000000 0.007175 0.004663 0.003183 0.007744 0.002677 0.004914 0.006820 0.000239 0.008169 0.007114 0.001535 0.006415 0.007697 0.003052 0.001618 0.000456 0.004351 0.009984 0.009030 0.001165 0.004321 0.007385 0.004790 0.003791 0.005760 0.007340 0.008712 0.004156 
0.004344 0.002865 0.004437 0.003098 0.008783 0.002434 0.000379 0.004639 0.001211 0.009423 0.001508 0.003211 1.000000 0.009274 0.002730 0.001303 0.004649 0.009357 0.005919 0.001122 0.009083 0.003981 0.000165 0.001186 0.009012 0.000395 0.005397 0.007420 0.001416 0.004266 0.000846 0.000134 0.009616 0.008660 0.003403 0.009171 0.008572 0.008537 0.000146 0.001717 
0.002587 0.000787 0.001422 0.005785 0.002771 0.009375 0.003414 0.001091 0.003024 0.009939 0.001753 0.001566 0.006704 1.000000 0.000980 0.002758 0.004627 0.002599 0.002490 0.001575 0.003769 0.002688 0.008854 0.001162 0.005438 0.005715 0.001711 0.008928 0.003448 0.007387 0.004160 0.003507 0.004679 0.000625 0.006586 0.009093 0.006948 0.000808 0.001043 0.001818 
0.004277 0.002497 0.006677 0.002922 0.005666 0.008173 0.003813 0.006563 0.004174 0.001251 0.000469 0.003169 0.009521 0.009845 1.000000 0.004589 0.008370 0.001987 0.001593 0.009239 0.009572 0.001759 0.000787 0.007782 0.007488 0.001406 0.005686 0.009856 0.005907 0.001231 0.003890 0.007695 0.003980 0.002174 0.007645 0.000816 0.007715 0.004865 0.001990 0.004729 
0.008576 0.008562 0.001958 0.008209 0.001312 0.000236 0.000330 0.000392 0.004353 0.005550 0.005427 0.000127 0.007663 0.008644 0.004197 1.000000 0.001688 0.006961 0.006768 0.002618 0.003610 0.007692 0.009779 0.007927 0.001584 0.007023 0.002732 0.009070 0.003492 0.008361 0.009813 0.000727 0.001467 0.009229 0.009349 0.005880 0.004987 0.007712 0.003234 0.002936 
0.009138 0.000314 0.008253 0.009648 0.002444 0.001832 0.009727 0.007047 0.006675 0.003087 0.003643 0.007241 0.000306 0.007882 0.004495 0.002116 1.000000 0.002432 0.005586 0.000274 0.007119 0.009588 0.009159 0.006580 0.002474 0.004054 0.009152 0.002134 0.002967 0.005491 0.002658 0.009404 0.005627 0.009633 0.001364 0.000063 0.005017 0.003496 0.005346 0.008357 
0.004458 0.003905 0.007061 0.003883 0.007246 0.000195 0.005978 0.003886 0.009071 0.002677 0.000798 0.008995 0.007698 0.007503 0.008344 0.008583 0.001085 1.000000 0.005838 0.008675 0.006479 0.004809 0.006822 0.004733 0.007583 0.003970 0.008920 0.000147 0.001520 0.006492 0.006661 0.004867 0.006901 0.007869 0.001089 0.000039 0.002952 0.008680 0.008925 0.003237 
0.000217 0.002208 0.000356 0.008709 0.007537 0.000370 0.000545 0.006136 0.002177 0.007374 0.002809 0.001958 0.003006 0.009292 0.009339 0.001266 0.009122 0.001688 1.000000 0.009976 0.006804 0.009993 0.009637 0.005289 0.008594 0.003074 0.009841 0.003402 0.004272 0.005670 0.005681 0.000396 0.002565 0.009250 0.005792 0.008149 0.004417 0.009564 0.006259 0.001984 
0.004288 0.002653 0.003492 0.005043 0.004018 0.009540 0.006926 0.007943 0.002678 0.000697 0.005743 0.002477 0.001560 0.003551 0.007032 0.000913 0.005402 0.004398 0.005707 1.000000 0.008069 0.001934 0.003511 0.004697 0.008001 0.008095 0.002581 0.005537 0.005673 0.007848 0.009963 0.006635 0.007441 0.008533 0.009482 0.005289 0.006931 0.006853 0.002932 0.008488 
0.005081 0.003246 0.004068 0.005238 0.004926 0.007195 0.009413 0.009510 0.008407 0.006429 0.006381 0.002718 0.008562 0.005768 0.000853 0.009937 0.003403 0.009546 0.005174 0.005966 1.000000 0.006240 0.008378 0.004655 0.006000 0.005703 0.008925 0.000803 0.006733 0.000695 0.003233 0.006519 0.005720 0.001016 0.000656 0.007321 0.004814 0.000705 0.001489 0.003821 
0.002173 0.005379 0.005881 0.003936 0.009237 0.008954 0.003489 0.006051 0.004634 0.008421 0.005432 0.009122 0.007875 0.006840 0.005986 0.007587 0.002053 0.008922 0.000961 0.007035 0.008491 1.000000 0.007983 0.005537 0.006077 0.008635 0.008249 0.008900 0.005454 0.007778 0.004713 0.005092 0.008503 0.006955 0.008408 0.009530 0.005632 0.001722 0.009772 0.001007 
0.004273 0.004509 0.001916 0.005600 0.009214 0.006925 0.004271 0.007492 0.007386 0.005428 0.001266 0.006744 0.004309 0.005688 0.008900 0.002992 0.005249 0.005530 0.009886 0.005029 0.008475 0.008242 1.000000 0.008204 0.005465 0.003291 0.000144 0.003656 0.009392 0.002146 0.007473 0.008749 0.006987 0.000637 0.009105 0.008866 0.006988 0.000484 0.002434 0.004391 
0.004275 0.002908 0.000838 0.001487 0.007946 0.000838 0.001419 0.005717 0.002074 0.003219 0.006801 0.007242 0.007691 0.007886 0.003166 0.004979 0.004209 0.003957 0.006874 0.007244 0.009959 0.001560 0.008359 1.000000 0.007970 0.001610 0.003475 0.009472 0.008004 0.007931 0.001418 0.005728 0.008225 0.006997 0.004526 0.005284 0.002559 0.009716 0.008433 0.002499 
0.002687 0.008089 0.004758 0.000019 0.003332 0.000529 0.009639 0.006120 0.000692 0.008321 0.009184 0.002888 0.000233 0.007588 0.003996 0.009303 0.000920 0.007171 0.009144 0.006519 0.000534 0.006638 0.009601 0.008407 1.000000 0.009614 0.008729 0.000414 0.002431 0.006857 0.004658 0.005872 0.006558 0.009947 0.001403 0.003506 0.006309 0.008506 0.007464 0.006065 
0.009044 0.001522 0.002402 0.008362 0.005445 0.006805 0.003804 0.009338 0.000150 0.009481 0.007538 0.004423 0.009746 0.009589 0.008897 0.003014 0.003187 0.004980 0.001175 0.003990 0.003863 0.008664 0.004590 0.000817 0.009817 1.000000 0.004881 0.005096 0.003282 0.001465 0.000947 0.002780 0.001405 0.006020 0.006358 0.007784 0.007852 0.005938 0.003837 0.005508 
0.007344 0.001063 0.002757 0.009819 0.000532 0.001298 0.002592 0.008644 0.007998 0.006953 0.006341 0.008383 0.009010 0.005858 0.007524 0.005534 0.000157 0.005161 0.002950 0.004046 0.009026 0.004389 0.005677 0.001847 0.008216 0.002910 1.000000 0.007297 0.009099 0.002387 0.002274 0.007779 0.003507 0.007988 0.002987 0.006351 0.005066 0.009689 0.008833 0.000758 
0.001598 0.001563 0.007006 0.001323 0.000932 0.001384 0.005235 0.000561 0.007154 0.003615 0.002513 0.009550 0.004351 0.009847 0.000550 0.004946 0.007938 0.006084 0.005803 0.005823 0.008430 0.007815 0.002073 0.004433 0.004823 0.004096 0.003186 1.000000 0.002584 0.003663 0.009911 0.007259 0.002507 0.000244 0.001343 0.005725 0.000376 0.007301 0.001833 0.001096 
0.002552 0.001517 0.009764 0.009052 0.006301 0.000344 0.000532 0.007674 0.005214 0.007969 0.002116 0.007768 0.003158 0.000047 0.007338 0.008551 0.005586 0.009598 0.000017 0.009062 0.005317 0.006989 0.004445 0.005496 0.004658 0.008134 0.003904 0.007175 1.000000 0.007091 0.001918 0.000780 0.000591 0.006678 0.009248 0.007365 0.006701 0.002778 0.004296 0.008837 
0.000431 0.008573 0.004705 0.001369 0.004522 0.007230 0.008918 0.009765 0.004520 0.009255 0.002350 0.007631 0.007913 0.003490 0.009991 0.006381 0.005280 0.006351 0.009427 0.008038 0.004663 0.002684 0.007856 0.005322 0.005866 0.004038 0.001021 0.007810 0.002119 1.000000 0.003242 0.001400 0.003897 0.006943 0.005912 0.002415 0.000505 0.005564 0.004005 0.000341 
0.001010 0.000005 0.001402 0.009646 0.003022 0.008858 0.003043 0.006739 0.007459 0.007661 0.006546 0.003167 0.000479 0.008194 0.007272 0.004221 0.007096 0.005681 0.002034 0.003586 0.005206 0.002926 0.009691 0.009247 0.004406 0.001688 0.002566 0.007369 0.009878 0.008374 1.000000 0.006749 0.004789 0.006549 0.008049 0.005158 0.001256 0.005694 0.003532 0.002957 
0.006339 0.006553 0.009686 0.002638 0.009836 0.005155 0.004352 0.003567 0.003736 0.006843 0.001713 0.006571 0.002470 0.005319 0.006804 0.001255 0.008793 0.002057 0.005075 0.003255 0.007175 0.003396 0.001618 0.000159 0.000233 0.003340 0.006191 0.004011 0.001748 0.003300 0.007850 1.000000 0.008861 0.006686 0.001950 0.003704 0.004680 0.003838 0.003305 0.004487 
0.009361 0.001098 0.009799 0.007097 0.002701 0.007586 0.004804 0.005346 0.005373 0.008892 0.009201 0.001198 0.008052 0.000280 0.004788 0.005798 0.006110 0.007232 0.008639 0.000167 0.006336 0.001587 0.001414 0.001822 0.004926 0.001491 0.002436 0.006672 0.005973 0.009489 0.003927 0.006362 1.000000 0.005576 0.005888 0.004495 0.007724 0.002055 0.008888 0.001803 
0.002601 0.006518 0.006620 0.002215 0.008741 0.001259 0.008648 0.003059 0.003386 0.005627 0.008318 0.001470 0.007314 0.007221 0.005520 0.008030 0.002941 0.008544 0.003653 0.003144 0.008177 0.005139 0.003360 0.004138 0.009991 0.002489 0.007609 0.002548 0.007580 0.006694 0.006240 0.003769 0.002955 1.000000 0.003225 0.004683 0.004117 0.002419 0.000174 0.005472 
0.003579 0.002792 0.001516 0.002028 0.002838 0.006814 0.000894 0.005973 0.004411 0.001710 0.001407 0.009170 0.006392 0.006952 0.008861 0.005024 0.006701 0.008563 0.004194 0.002101 0.001789 0.008829 0.005028 0.000319 0.006425 0.006445 0.000361 0.001027 0.007626 0.006386 0.002781 0.001275 0.005302 0.001741 1.000000 0.003958 0.002577 0.000810 0.009273 0.009294 
0.003381 0.004378 0.009982 0.000725 0.000623 0.007424 0.003413 0.001725 0.004453 0.002305 0.004631 0.009896 0.009782 0.002852 0.006991 0.005651 0.005412 0.000708 0.007381 0.009130 0.007192 0.009921 0.005289 0.004560 0.009054 0.002698 0.009284 0.001156 0.006113 0.001104 0.006071 0.000517 0.002045 0.006116 0.000765 1.000000 0.003260 0.001581 0.007149 0.002020 
0.008201 0.005869 0.005718 0.008715 0.001664 0.005990 0.009009 0.000249 0.007356 0.009215 0.002303 0.009894 0.007193 0.006290 0.006121 0.006737 0.003387 0.005836 0.001398 0.006741 0.007383 0.007037 0.002933 0.005562 0.000489 0.009882 0.005841 0.005522 0.000305 0.006764 0.009845 0.002895 0.001911 0.000373 0.003405 0.009006 1.000000 0.004419 0.001628 0.001052 
0.009824 0.003887 0.006028 0.008421 0.007011 0.003845 0.000578 0.001651 0.001350 0.000654 0.000436 0.009066 0.005665 0.009593 0.004999 0.001350 0.007820 0.000906 0.003450 0.003766 0.008125 0.004837 0.008687 0.001000 0.001841 0.004453 0.005389 0.001554 0.002557 0.002794 0.000490 0.002405 0.007838 0.003831 0.006436 0.005726 0.009593 1.000000 0.009191 0.003769 
0.004023 0.000462 0.005841 0.007342 0.002495 0.003704 0.005271 0.002233 0.003445 0.006501 0.001854 0.009050 0.001160 0.004193 0.009977 0.008556 0.002166 0.000313 0.008514 0.007489 0.007379 0.005869 0.009576 0.006533 0.005588 0.001959 0.004746 0.009326 0.001172 0.003443 0.002487 0.005574 0.003115 0.005817 0.000339 0.009572 0.000970 0.000335 1.000000 0.008780 
0.007664 0.000999 0.006213 0.008523 0.003114 0.004143 0.006392 0.008502 0.006361 0.003960 0.006769 0.008807 0.005368 0.006609 0.004722 0.009265 0.009591 0.007512 0.007181 0.007985 0.009300 0.008859 0.004498 0.009431 0.007733 0.006973 0.008010 0.000122 0.004773 0.000208 0.001130 0.009051 0.003688 0.006450 0.007404 0.007457 0.004004 0.007419 0.009578 1.000000 
