11.000000 28.000000 
10.950000 27.800000 
10.900000 27.600000 
10.850000 27.400000 
10.800000 27.200000 
10.750000 27.000000 
10.700000 26.800000 
10.650000 26.600000 
10.600000 26.400000 
10.550000 26.200000 
10.500000 26.000000 
10.450000 25.800000 
10.400000 25.600000 
10.350000 25.400000 
10.300000 25.200000 
10.250000 25.000000 
10.200000 24.800000 
10.150000 24.600000 
10.100000 24.400000 
10.050000 24.200000 
10.000000 24.000000 
10.000000 24.000000 
9.950000 24.000000 
9.900000 24.000000 
9.850000 24.000000 
9.800000 24.000000 
9.750000 24.000000 
9.700000 24.000000 
9.650000 24.000000 
9.600000 24.000000 
9.550000 24.000000 
9.500000 24.000000 
9.450000 24.000000 
9.400000 24.000000 
9.350000 24.000000 
9.300000 24.000000 
9.250000 24.000000 
9.200000 24.000000 
9.150000 24.000000 
9.100000 24.000000 
9.050000 24.000000 
9.000000 24.000000 
9.000000 24.000000 
8.920000 23.900000 
8.840000 23.800000 
8.760000 23.700000 
8.680000 23.600000 
8.600000 23.500000 
8.520000 23.400000 
8.440000 23.300000 
8.360000 23.200000 
8.280000 23.100000 
8.200000 23.000000 
8.120000 22.900000 
8.040000 22.800000 
7.960000 22.700000 
7.880000 22.600000 
7.800000 22.500000 
7.720000 22.400000 
7.640000 22.300000 
7.560000 22.200000 
7.480000 22.100000 
7.400000 22.000000 
7.320000 21.900000 
7.240000 21.800000 
7.160000 21.700000 
7.080000 21.600000 
7.000000 21.500000 
6.920000 21.400000 
6.840000 21.300000 
6.760000 21.200000 
6.680000 21.100000 
6.600000 21.000000 
6.520000 20.900000 
6.440000 20.800000 
6.360000 20.700000 
6.280000 20.600000 
6.200000 20.500000 
6.120000 20.400000 
6.040000 20.300000 
5.960000 20.200000 
5.880000 20.100000 
5.800000 20.000000 
5.720000 19.900000 
5.640000 19.800000 
5.560000 19.700000 
5.480000 19.600000 
5.400000 19.500000 
5.320000 19.400000 
5.240000 19.300000 
5.160000 19.200000 
5.080000 19.100000 
5.000000 19.000000 
5.000000 19.000000 
5.080000 19.020000 
5.160000 19.040000 
5.240000 19.060000 
5.320000 19.080000 
5.400000 19.100000 
5.480000 19.120000 
5.560000 19.140000 
5.640000 19.160000 
5.720000 19.180000 
5.800000 19.200000 
5.880000 19.220000 
5.960000 19.240000 
6.040000 19.260000 
6.120000 19.280000 
6.200000 19.300000 
6.280000 19.320000 
6.360000 19.340000 
6.440000 19.360000 
6.520000 19.380000 
6.600000 19.400000 
6.680000 19.420000 
6.760000 19.440000 
6.840000 19.460000 
6.920000 19.480000 
7.000000 19.500000 
7.080000 19.520000 
7.160000 19.540000 
7.240000 19.560000 
7.320000 19.580000 
7.400000 19.600000 
7.480000 19.620000 
7.560000 19.640000 
7.640000 19.660000 
7.720000 19.680000 
7.800000 19.700000 
7.880000 19.720000 
7.960000 19.740000 
8.040000 19.760000 
8.120000 19.780000 
8.200000 19.800000 
8.280000 19.820000 
8.360000 19.840000 
8.440000 19.860000 
8.520000 19.880000 
8.600000 19.900000 
8.680000 19.920000 
8.760000 19.940000 
8.840000 19.960000 
8.920000 19.980000 
9.000000 20.000000 
9.000000 20.000000 
8.950000 19.800000 
8.900000 19.600000 
8.850000 19.400000 
8.800000 19.200000 
8.750000 19.000000 
8.700000 18.800000 
8.650000 18.600000 
8.600000 18.400000 
8.550000 18.200000 
8.500000 18.000000 
8.450000 17.800000 
8.400000 17.600000 
8.350000 17.400000 
8.300000 17.200000 
8.250000 17.000000 
8.200000 16.800000 
8.150000 16.600000 
8.100000 16.400000 
8.050000 16.200000 
8.000000 16.000000 
8.000000 16.000000 
7.840000 15.760000 
7.680000 15.520000 
7.520000 15.280000 
7.360000 15.040000 
7.200000 14.800000 
7.040000 14.560000 
6.880000 14.320000 
6.720000 14.080000 
6.560000 13.840000 
6.400000 13.600000 
6.240000 13.360000 
6.080000 13.120000 
5.920000 12.880000 
5.760000 12.640000 
5.600000 12.400000 
5.440000 12.160000 
5.280000 11.920000 
5.120000 11.680000 
4.960000 11.440000 
4.800000 11.200000 
4.640000 10.960000 
4.480000 10.720000 
4.320000 10.480000 
4.160000 10.240000 
4.000000 10.000000 
3.840000 9.760000 
3.680000 9.520000 
3.520000 9.280000 
3.360000 9.040000 
3.200000 8.800000 
3.040000 8.560000 
2.880000 8.320000 
2.720000 8.080000 
2.560000 7.840000 
2.400000 7.600000 
2.240000 7.360000 
2.080000 7.120000 
1.920000 6.880000 
1.760000 6.640000 
1.600000 6.400000 
1.440000 6.160000 
1.280000 5.920000 
1.120000 5.680000 
0.960000 5.440000 
0.800000 5.200000 
0.640000 4.960000 
0.480000 4.720000 
0.320000 4.480000 
0.160000 4.240000 
0.000000 4.000000 
0.000000 4.000000 
0.160000 3.980000 
0.320000 3.960000 
0.480000 3.940000 
0.640000 3.920000 
0.800000 3.900000 
0.960000 3.880000 
1.120000 3.860000 
1.280000 3.840000 
1.440000 3.820000 
1.600000 3.800000 
1.760000 3.780000 
1.920000 3.760000 
2.080000 3.740000 
2.240000 3.720000 
2.400000 3.700000 
2.560000 3.680000 
2.720000 3.660000 
2.880000 3.640000 
3.040000 3.620000 
3.200000 3.600000 
3.360000 3.580000 
3.520000 3.560000 
3.680000 3.540000 
3.840000 3.520000 
4.000000 3.500000 
4.160000 3.480000 
4.320000 3.460000 
4.480000 3.440000 
4.640000 3.420000 
4.800000 3.400000 
4.960000 3.380000 
5.120000 3.360000 
5.280000 3.340000 
5.440000 3.320000 
5.600000 3.300000 
5.760000 3.280000 
5.920000 3.260000 
6.080000 3.240000 
6.240000 3.220000 
6.400000 3.200000 
6.560000 3.180000 
6.720000 3.160000 
6.880000 3.140000 
7.040000 3.120000 
7.200000 3.100000 
7.360000 3.080000 
7.520000 3.060000 
7.680000 3.040000 
7.840000 3.020000 
8.000000 3.000000 
8.000000 3.000000 
8.000000 2.900000 
8.000000 2.800000 
8.000000 2.700000 
8.000000 2.600000 
8.000000 2.500000 
8.000000 2.400000 
8.000000 2.300000 
8.000000 2.200000 
8.000000 2.100000 
8.000000 2.000000 
8.000000 1.900000 
8.000000 1.800000 
8.000000 1.700000 
8.000000 1.600000 
8.000000 1.500000 
8.000000 1.400000 
8.000000 1.300000 
8.000000 1.200000 
8.000000 1.100000 
8.000000 1.000000 
8.000000 1.000000 
8.050000 0.950000 
8.100000 0.900000 
8.150000 0.850000 
8.200000 0.800000 
8.250000 0.750000 
8.300000 0.700000 
8.350000 0.650000 
8.400000 0.600000 
8.450000 0.550000 
8.500000 0.500000 
8.550000 0.450000 
8.600000 0.400000 
8.650000 0.350000 
8.700000 0.300000 
8.750000 0.250000 
8.800000 0.200000 
8.850000 0.150000 
8.900000 0.100000 
8.950000 0.050000 
9.000000 0.000000 
9.000000 0.000000 
9.500000 0.000000 
10.000000 0.000000 
10.500000 0.000000 
11.000000 0.000000 
11.500000 0.000000 
12.000000 0.000000 
12.500000 0.000000 
13.000000 0.000000 
13.000000 0.000000 
13.050000 0.050000 
13.100000 0.100000 
13.150000 0.150000 
13.200000 0.200000 
13.250000 0.250000 
13.300000 0.300000 
13.350000 0.350000 
13.400000 0.400000 
13.450000 0.450000 
13.500000 0.500000 
13.550000 0.550000 
13.600000 0.600000 
13.650000 0.650000 
13.700000 0.700000 
13.750000 0.750000 
13.800000 0.800000 
13.850000 0.850000 
13.900000 0.900000 
13.950000 0.950000 
14.000000 1.000000 
14.000000 1.000000 
14.000000 1.100000 
14.000000 1.200000 
14.000000 1.300000 
14.000000 1.400000 
14.000000 1.500000 
14.000000 1.600000 
14.000000 1.700000 
14.000000 1.800000 
14.000000 1.900000 
14.000000 2.000000 
14.000000 2.100000 
14.000000 2.200000 
14.000000 2.300000 
14.000000 2.400000 
14.000000 2.500000 
14.000000 2.600000 
14.000000 2.700000 
14.000000 2.800000 
14.000000 2.900000 
14.000000 3.000000 
14.000000 3.000000 
14.160000 3.020000 
14.320000 3.040000 
14.480000 3.060000 
14.640000 3.080000 
14.800000 3.100000 
14.960000 3.120000 
15.120000 3.140000 
15.280000 3.160000 
15.440000 3.180000 
15.600000 3.200000 
15.760000 3.220000 
15.920000 3.240000 
16.080000 3.260000 
16.240000 3.280000 
16.400000 3.300000 
16.560000 3.320000 
16.720000 3.340000 
16.880000 3.360000 
17.040000 3.380000 
17.200000 3.400000 
17.360000 3.420000 
17.520000 3.440000 
17.680000 3.460000 
17.840000 3.480000 
18.000000 3.500000 
18.160000 3.520000 
18.320000 3.540000 
18.480000 3.560000 
18.640000 3.580000 
18.800000 3.600000 
18.960000 3.620000 
19.120000 3.640000 
19.280000 3.660000 
19.440000 3.680000 
19.600000 3.700000 
19.760000 3.720000 
19.920000 3.740000 
20.080000 3.760000 
20.240000 3.780000 
20.400000 3.800000 
20.560000 3.820000 
20.720000 3.840000 
20.880000 3.860000 
21.040000 3.880000 
21.200000 3.900000 
21.360000 3.920000 
21.520000 3.940000 
21.680000 3.960000 
21.840000 3.980000 
22.000000 4.000000 
22.000000 4.000000 
21.840000 4.240000 
21.680000 4.480000 
21.520000 4.720000 
21.360000 4.960000 
21.200000 5.200000 
21.040000 5.440000 
20.880000 5.680000 
20.720000 5.920000 
20.560000 6.160000 
20.400000 6.400000 
20.240000 6.640000 
20.080000 6.880000 
19.920000 7.120000 
19.760000 7.360000 
19.600000 7.600000 
19.440000 7.840000 
19.280000 8.080000 
19.120000 8.320000 
18.960000 8.560000 
18.800000 8.800000 
18.640000 9.040000 
18.480000 9.280000 
18.320000 9.520000 
18.160000 9.760000 
18.000000 10.000000 
17.840000 10.240000 
17.680000 10.480000 
17.520000 10.720000 
17.360000 10.960000 
17.200000 11.200000 
17.040000 11.440000 
16.880000 11.680000 
16.720000 11.920000 
16.560000 12.160000 
16.400000 12.400000 
16.240000 12.640000 
16.080000 12.880000 
15.920000 13.120000 
15.760000 13.360000 
15.600000 13.600000 
15.440000 13.840000 
15.280000 14.080000 
15.120000 14.320000 
14.960000 14.560000 
14.800000 14.800000 
14.640000 15.040000 
14.480000 15.280000 
14.320000 15.520000 
14.160000 15.760000 
14.000000 16.000000 
14.000000 16.000000 
13.950000 16.200000 
13.900000 16.400000 
13.850000 16.600000 
13.800000 16.800000 
13.750000 17.000000 
13.700000 17.200000 
13.650000 17.400000 
13.600000 17.600000 
13.550000 17.800000 
13.500000 18.000000 
13.450000 18.200000 
13.400000 18.400000 
13.350000 18.600000 
13.300000 18.800000 
13.250000 19.000000 
13.200000 19.200000 
13.150000 19.400000 
13.100000 19.600000 
13.050000 19.800000 
13.000000 20.000000 
13.000000 20.000000 
13.080000 19.980000 
13.160000 19.960000 
13.240000 19.940000 
13.320000 19.920000 
13.400000 19.900000 
13.480000 19.880000 
13.560000 19.860000 
13.640000 19.840000 
13.720000 19.820000 
13.800000 19.800000 
13.880000 19.780000 
13.960000 19.760000 
14.040000 19.740000 
14.120000 19.720000 
14.200000 19.700000 
14.280000 19.680000 
14.360000 19.660000 
14.440000 19.640000 
14.520000 19.620000 
14.600000 19.600000 
14.680000 19.580000 
14.760000 19.560000 
14.840000 19.540000 
14.920000 19.520000 
15.000000 19.500000 
15.080000 19.480000 
15.160000 19.460000 
15.240000 19.440000 
15.320000 19.420000 
15.400000 19.400000 
15.480000 19.380000 
15.560000 19.360000 
15.640000 19.340000 
15.720000 19.320000 
15.800000 19.300000 
15.880000 19.280000 
15.960000 19.260000 
16.040000 19.240000 
16.120000 19.220000 
16.200000 19.200000 
16.280000 19.180000 
16.360000 19.160000 
16.440000 19.140000 
16.520000 19.120000 
16.600000 19.100000 
16.680000 19.080000 
16.760000 19.060000 
16.840000 19.040000 
16.920000 19.020000 
17.000000 19.000000 
17.000000 19.000000 
16.920000 19.100000 
16.840000 19.200000 
16.760000 19.300000 
16.680000 19.400000 
16.600000 19.500000 
16.520000 19.600000 
16.440000 19.700000 
16.360000 19.800000 
16.280000 19.900000 
16.200000 20.000000 
16.120000 20.100000 
16.040000 20.200000 
15.960000 20.300000 
15.880000 20.400000 
15.800000 20.500000 
15.720000 20.600000 
15.640000 20.700000 
15.560000 20.800000 
15.480000 20.900000 
15.400000 21.000000 
15.320000 21.100000 
15.240000 21.200000 
15.160000 21.300000 
15.080000 21.400000 
15.000000 21.500000 
14.920000 21.600000 
14.840000 21.700000 
14.760000 21.800000 
14.680000 21.900000 
14.600000 22.000000 
14.520000 22.100000 
14.440000 22.200000 
14.360000 22.300000 
14.280000 22.400000 
14.200000 22.500000 
14.120000 22.600000 
14.040000 22.700000 
13.960000 22.800000 
13.880000 22.900000 
13.800000 23.000000 
13.720000 23.100000 
13.640000 23.200000 
13.560000 23.300000 
13.480000 23.400000 
13.400000 23.500000 
13.320000 23.600000 
13.240000 23.700000 
13.160000 23.800000 
13.080000 23.900000 
13.000000 24.000000 
13.000000 24.000000 
12.950000 24.000000 
12.900000 24.000000 
12.850000 24.000000 
12.800000 24.000000 
12.750000 24.000000 
12.700000 24.000000 
12.650000 24.000000 
12.600000 24.000000 
12.550000 24.000000 
12.500000 24.000000 
12.450000 24.000000 
12.400000 24.000000 
12.350000 24.000000 
12.300000 24.000000 
12.250000 24.000000 
12.200000 24.000000 
12.150000 24.000000 
12.100000 24.000000 
12.050000 24.000000 
12.000000 24.000000 
12.000000 24.000000 
11.950000 24.200000 
11.900000 24.400000 
11.850000 24.600000 
11.800000 24.800000 
11.750000 25.000000 
11.700000 25.200000 
11.650000 25.400000 
11.600000 25.600000 
11.550000 25.800000 
11.500000 26.000000 
11.450000 26.200000 
11.400000 26.400000 
11.350000 26.600000 
11.300000 26.800000 
11.250000 27.000000 
11.200000 27.200000 
11.150000 27.400000 
11.100000 27.600000 
11.050000 27.800000 
11.000000 28.000000 
