5.500000 3.500000 3.000000 
5.499013 3.531395 3.000000 
5.496057 3.562667 3.000000 
5.491144 3.593691 3.000000 
5.484292 3.624345 3.000000 
5.475528 3.654508 3.000000 
5.464888 3.684062 3.000000 
5.452414 3.712890 3.000000 
5.438153 3.740877 3.000000 
5.422164 3.767913 3.000000 
5.404508 3.793893 3.000000 
5.385257 3.818712 3.000000 
5.364484 3.842274 3.000000 
5.342274 3.864484 3.000000 
5.318712 3.885257 3.000000 
5.293893 3.904508 3.000000 
5.267913 3.922164 3.000000 
5.240877 3.938153 3.000000 
5.212890 3.952414 3.000000 
5.184062 3.964888 3.000000 
5.154508 3.975528 3.000000 
5.124345 3.984292 3.000000 
5.093691 3.991144 3.000000 
5.062667 3.996057 3.000000 
5.031395 3.999013 3.000000 
5.000000 4.000000 3.000000 
4.968605 3.999013 3.000000 
4.937333 3.996057 3.000000 
4.906309 3.991144 3.000000 
4.875655 3.984292 3.000000 
4.845492 3.975528 3.000000 
4.815938 3.964888 3.000000 
4.787110 3.952414 3.000000 
4.759123 3.938153 3.000000 
4.732087 3.922164 3.000000 
4.706107 3.904508 3.000000 
4.681288 3.885257 3.000000 
4.657726 3.864484 3.000000 
4.635516 3.842274 3.000000 
4.614743 3.818712 3.000000 
4.595492 3.793893 3.000000 
4.577836 3.767913 3.000000 
4.561847 3.740877 3.000000 
4.547586 3.712890 3.000000 
4.535112 3.684062 3.000000 
4.524472 3.654508 3.000000 
4.515708 3.624345 3.000000 
4.508856 3.593691 3.000000 
4.503943 3.562667 3.000000 
4.500987 3.531395 3.000000 
4.500000 3.500000 3.000000 
4.500987 3.468605 3.000000 
4.503943 3.437333 3.000000 
4.508856 3.406309 3.000000 
4.515708 3.375655 3.000000 
4.524472 3.345492 3.000000 
4.535112 3.315938 3.000000 
4.547586 3.287110 3.000000 
4.561847 3.259123 3.000000 
4.577836 3.232087 3.000000 
4.595492 3.206107 3.000000 
4.614743 3.181288 3.000000 
4.635516 3.157726 3.000000 
4.657726 3.135516 3.000000 
4.681288 3.114743 3.000000 
4.706107 3.095492 3.000000 
4.732087 3.077836 3.000000 
4.759123 3.061847 3.000000 
4.787110 3.047586 3.000000 
4.815938 3.035112 3.000000 
4.845492 3.024472 3.000000 
4.875655 3.015708 3.000000 
4.906309 3.008856 3.000000 
4.937333 3.003943 3.000000 
4.968605 3.000987 3.000000 
5.000000 3.000000 3.000000 
5.031395 3.000987 3.000000 
5.062667 3.003943 3.000000 
5.093691 3.008856 3.000000 
5.124345 3.015708 3.000000 
5.154508 3.024472 3.000000 
5.184062 3.035112 3.000000 
5.212890 3.047586 3.000000 
5.240877 3.061847 3.000000 
5.267913 3.077836 3.000000 
5.293893 3.095492 3.000000 
5.318712 3.114743 3.000000 
5.342274 3.135516 3.000000 
5.364484 3.157726 3.000000 
5.385257 3.181288 3.000000 
5.404508 3.206107 3.000000 
5.422164 3.232087 3.000000 
5.438153 3.259123 3.000000 
5.452414 3.287110 3.000000 
5.464888 3.315938 3.000000 
5.475528 3.345492 3.000000 
5.484292 3.375655 3.000000 
5.491144 3.406309 3.000000 
5.496057 3.437333 3.000000 
5.499013 3.468605 3.000000 
5.500000 3.500000 3.000000 
