4.250000 2.750000 7.000000 
4.300000 2.750000 7.000000 
4.350000 2.750000 7.000000 
4.400000 2.750000 7.000000 
4.450000 2.750000 7.000000 
4.500000 2.750000 7.000000 
4.550000 2.750000 7.000000 
4.600000 2.750000 7.000000 
4.650000 2.750000 7.000000 
4.700000 2.750000 7.000000 
4.750000 2.750000 7.000000 
4.800000 2.750000 7.000000 
4.850000 2.750000 7.000000 
4.900000 2.750000 7.000000 
4.950000 2.750000 7.000000 
5.000000 2.750000 7.000000 
5.050000 2.750000 7.000000 
5.100000 2.750000 7.000000 
5.150000 2.750000 7.000000 
5.200000 2.750000 7.000000 
5.250000 2.750000 7.000000 
5.300000 2.750000 7.000000 
5.350000 2.750000 7.000000 
5.400000 2.750000 7.000000 
5.450000 2.750000 7.000000 
5.500000 2.750000 7.000000 
5.550000 2.750000 7.000000 
5.600000 2.750000 7.000000 
5.650000 2.750000 7.000000 
5.700000 2.750000 7.000000 
5.750000 2.750000 7.000000 
5.750000 2.750000 7.000000 
5.760000 2.760000 7.000000 
5.770000 2.770000 7.000000 
5.780000 2.780000 7.000000 
5.790000 2.790000 7.000000 
5.800000 2.800000 7.000000 
5.810000 2.810000 7.000000
5.815000 2.815000 7.000000 
5.820000 2.820000 7.000000 
5.830000 2.830000 7.000000 
5.840000 2.840000 7.000000 
5.850000 2.850000 7.000000 
5.860000 2.860000 7.000000 
5.870000 2.870000 7.000000 
5.880000 2.880000 7.000000 
5.890000 2.890000 7.000000 
5.900000 2.900000 7.000000 
5.910000 2.910000 7.000000 
5.920000 2.920000 7.000000 
5.930000 2.930000 7.000000 
5.940000 2.940000 7.000000 
5.950000 2.950000 7.000000 
5.960000 2.960000 7.000000 
5.970000 2.970000 7.000000 
5.980000 2.980000 7.000000 
5.990000 2.990000 7.000000 
6.000000 3.000000 7.000000 
6.000000 3.000000 7.000000 
6.000000 3.050000 7.000000 
6.000000 3.100000 7.000000 
6.000000 3.150000 7.000000 
6.000000 3.200000 7.000000 
6.000000 3.250000 7.000000 
6.000000 3.300000 7.000000 
6.000000 3.350000 7.000000 
6.000000 3.400000 7.000000 
6.000000 3.450000 7.000000 
6.000000 3.500000 7.000000 
6.000000 3.500000 7.000000 
5.999013 3.531395 7.000000 
5.996057 3.562667 7.000000 
5.991144 3.593691 7.000000 
5.984292 3.624345 7.000000 
5.975528 3.654508 7.000000 
5.964888 3.684062 7.000000 
5.952414 3.712890 7.000000 
5.938153 3.740877 7.000000 
5.922164 3.767913 7.000000 
5.904508 3.793893 7.000000 
5.885257 3.818712 7.000000 
5.864484 3.842274 7.000000 
5.842274 3.864484 7.000000 
5.818712 3.885257 7.000000 
5.793893 3.904508 7.000000 
5.767913 3.922164 7.000000 
5.740877 3.938153 7.000000 
5.712890 3.952414 7.000000 
5.684062 3.964888 7.000000 
5.654508 3.975528 7.000000 
5.624345 3.984292 7.000000 
5.593691 3.991144 7.000000 
5.562667 3.996057 7.000000 
5.531395 3.999013 7.000000 
5.500000 4.000000 7.000000 
5.500000 4.000000 7.000000 
5.499013 4.031395 7.000000 
5.496057 4.062667 7.000000 
5.491144 4.093691 7.000000 
5.484292 4.124345 7.000000 
5.475528 4.154508 7.000000 
5.464888 4.184062 7.000000 
5.452414 4.212890 7.000000 
5.438153 4.240877 7.000000 
5.422164 4.267913 7.000000 
5.404508 4.293893 7.000000 
5.385257 4.318712 7.000000 
5.364484 4.342274 7.000000 
5.342274 4.364484 7.000000 
5.318712 4.385257 7.000000 
5.293893 4.404508 7.000000 
5.267913 4.422164 7.000000 
5.240877 4.438153 7.000000 
5.212890 4.452414 7.000000 
5.184062 4.464888 7.000000 
5.154508 4.475528 7.000000 
5.124345 4.484292 7.000000 
5.093691 4.491144 7.000000 
5.062667 4.496057 7.000000 
5.031395 4.499013 7.000000 
5.000000 4.500000 7.000000 
4.968605 4.499013 7.000000 
4.937333 4.496057 7.000000 
4.906309 4.491144 7.000000 
4.875655 4.484292 7.000000 
4.845492 4.475528 7.000000 
4.815938 4.464888 7.000000 
4.787110 4.452414 7.000000 
4.759123 4.438153 7.000000 
4.732087 4.422164 7.000000 
4.706107 4.404508 7.000000 
4.681288 4.385257 7.000000 
4.657726 4.364484 7.000000 
4.635516 4.342274 7.000000 
4.614743 4.318712 7.000000 
4.595492 4.293893 7.000000 
4.577836 4.267913 7.000000 
4.561847 4.240877 7.000000 
4.547586 4.212890 7.000000 
4.535112 4.184062 7.000000 
4.524472 4.154508 7.000000 
4.515708 4.124345 7.000000 
4.508856 4.093691 7.000000 
4.503943 4.062667 7.000000 
4.500987 4.031395 7.000000 
4.500000 4.000000 7.000000 
4.500000 4.000000 7.000000 
4.468605 3.999013 7.000000 
4.437333 3.996057 7.000000 
4.406309 3.991144 7.000000 
4.375655 3.984292 7.000000 
4.345492 3.975528 7.000000 
4.315938 3.964888 7.000000 
4.287110 3.952414 7.000000 
4.259123 3.938153 7.000000 
4.232087 3.922164 7.000000 
4.206107 3.904508 7.000000 
4.181288 3.885257 7.000000 
4.157726 3.864484 7.000000 
4.135516 3.842274 7.000000 
4.114743 3.818712 7.000000 
4.095492 3.793893 7.000000 
4.077836 3.767913 7.000000 
4.061847 3.740877 7.000000 
4.047586 3.712890 7.000000 
4.035112 3.684062 7.000000 
4.024472 3.654508 7.000000 
4.015708 3.624345 7.000000 
4.008856 3.593691 7.000000 
4.003943 3.562667 7.000000 
4.000987 3.531395 7.000000 
4.000000 3.500000 7.000000 
4.000000 3.000000 7.000000 
4.000000 3.050000 7.000000 
4.000000 3.100000 7.000000 
4.000000 3.150000 7.000000 
4.000000 3.200000 7.000000 
4.000000 3.250000 7.000000 
4.000000 3.300000 7.000000 
4.000000 3.350000 7.000000 
4.000000 3.400000 7.000000 
4.000000 3.450000 7.000000 
4.000000 3.500000 7.000000 
4.000000 3.000000 7.000000 
4.010000 2.990000 7.000000 
4.020000 2.980000 7.000000 
4.030000 2.970000 7.000000 
4.040000 2.960000 7.000000 
4.050000 2.950000 7.000000 
4.060000 2.940000 7.000000 
4.070000 2.930000 7.000000 
4.080000 2.920000 7.000000 
4.090000 2.910000 7.000000 
4.100000 2.900000 7.000000 
4.110000 2.890000 7.000000 
4.120000 2.880000 7.000000 
4.130000 2.870000 7.000000 
4.140000 2.860000 7.000000 
4.150000 2.850000 7.000000 
4.160000 2.840000 7.000000 
4.170000 2.830000 7.000000 
4.180000 2.820000 7.000000 
4.190000 2.810000 7.000000 
4.200000 2.800000 7.000000 
4.210000 2.790000 7.000000 
4.220000 2.780000 7.000000 
4.230000 2.770000 7.000000 
4.240000 2.760000 7.000000 
4.250000 2.750000 7.000000 
