4.250000 2.750000 15.000000 
4.300000 2.750000 15.000000 
4.350000 2.750000 15.000000 
4.400000 2.750000 15.000000 
4.450000 2.750000 15.000000 
4.500000 2.750000 15.000000 
4.550000 2.750000 15.000000 
4.600000 2.750000 15.000000 
4.650000 2.750000 15.000000 
4.700000 2.750000 15.000000 
4.750000 2.750000 15.000000 
4.800000 2.750000 15.000000 
4.850000 2.750000 15.000000 
4.900000 2.750000 15.000000 
4.950000 2.750000 15.000000 
5.000000 2.750000 15.000000 
5.050000 2.750000 15.000000 
5.100000 2.750000 15.000000 
5.150000 2.750000 15.000000 
5.200000 2.750000 15.000000 
5.250000 2.750000 15.000000 
5.300000 2.750000 15.000000 
5.350000 2.750000 15.000000 
5.400000 2.750000 15.000000 
5.450000 2.750000 15.000000 
5.500000 2.750000 15.000000 
5.550000 2.750000 15.000000 
5.600000 2.750000 15.000000 
5.650000 2.750000 15.000000 
5.700000 2.750000 15.000000 
5.750000 2.750000 15.000000 
5.750000 2.750000 15.000000 
5.760000 2.760000 15.000000 
5.770000 2.770000 15.000000 
5.780000 2.780000 15.000000 
5.790000 2.790000 15.000000 
5.800000 2.800000 15.000000 
5.810000 2.810000 15.000000 
5.820000 2.820000 15.000000 
5.830000 2.830000 15.000000 
5.840000 2.840000 15.000000 
5.850000 2.850000 15.000000 
5.860000 2.860000 15.000000 
5.870000 2.870000 15.000000 
5.880000 2.880000 15.000000 
5.890000 2.890000 15.000000 
5.900000 2.900000 15.000000 
5.910000 2.910000 15.000000 
5.920000 2.920000 15.000000 
5.930000 2.930000 15.000000 
5.940000 2.940000 15.000000 
5.950000 2.950000 15.000000 
5.955000 2.955000 15.000000
5.960000 2.960000 15.000000 
5.970000 2.970000 15.000000 
5.980000 2.980000 15.000000 
5.990000 2.990000 15.000000 
6.000000 3.000000 15.000000 
6.000000 3.000000 15.000000 
6.050000 3.003125 15.000000 
6.100000 3.006250 15.000000 
6.150000 3.009375 15.000000 
6.200000 3.012500 15.000000 
6.250000 3.015625 15.000000 
6.300000 3.018750 15.000000 
6.350000 3.021875 15.000000 
6.400000 3.025000 15.000000 
6.450000 3.028125 15.000000 
6.500000 3.031250 15.000000 
6.550000 3.034375 15.000000 
6.600000 3.037500 15.000000 
6.650000 3.040625 15.000000 
6.700000 3.043750 15.000000 
6.750000 3.046875 15.000000 
6.800000 3.050000 15.000000 
6.850000 3.053125 15.000000 
6.900000 3.056250 15.000000 
6.950000 3.059375 15.000000 
7.000000 3.062500 15.000000 
7.050000 3.065625 15.000000 
7.100000 3.068750 15.000000 
7.150000 3.071875 15.000000 
7.200000 3.075000 15.000000 
7.250000 3.078125 15.000000 
7.300000 3.081250 15.000000 
7.350000 3.084375 15.000000 
7.400000 3.087500 15.000000 
7.450000 3.090625 15.000000 
7.500000 3.093750 15.000000 
7.550000 3.096875 15.000000 
7.600000 3.100000 15.000000 
7.650000 3.103125 15.000000 
7.700000 3.106250 15.000000 
7.750000 3.109375 15.000000 
7.800000 3.112500 15.000000 
7.850000 3.115625 15.000000 
7.900000 3.118750 15.000000 
7.950000 3.121875 15.000000 
8.000000 3.125000 15.000000 
8.050000 3.128125 15.000000 
8.100000 3.131250 15.000000 
8.150000 3.134375 15.000000 
8.200000 3.137500 15.000000 
8.250000 3.140625 15.000000 
8.300000 3.143750 15.000000 
8.350000 3.146875 15.000000 
8.400000 3.150000 15.000000 
8.450000 3.153125 15.000000 
8.500000 3.156250 15.000000 
8.550000 3.159375 15.000000 
8.600000 3.162500 15.000000 
8.650000 3.165625 15.000000 
8.700000 3.168750 15.000000 
8.750000 3.171875 15.000000 
8.800000 3.175000 15.000000 
8.850000 3.178125 15.000000 
8.900000 3.181250 15.000000 
8.950000 3.184375 15.000000 
9.000000 3.187500 15.000000 
9.050000 3.190625 15.000000 
9.100000 3.193750 15.000000 
9.150000 3.196875 15.000000 
9.200000 3.200000 15.000000 
9.250000 3.203125 15.000000 
9.300000 3.206250 15.000000 
9.350000 3.209375 15.000000 
9.400000 3.212500 15.000000 
9.450000 3.215625 15.000000 
9.500000 3.218750 15.000000 
9.550000 3.221875 15.000000 
9.600000 3.225000 15.000000 
9.650000 3.228125 15.000000 
9.700000 3.231250 15.000000 
9.750000 3.234375 15.000000 
9.800000 3.237500 15.000000 
9.850000 3.240625 15.000000 
9.900000 3.243750 15.000000 
9.950000 3.246875 15.000000 
10.000000 3.250000 15.000000 
10.000000 3.250000 15.000000 
9.950000 3.253125 15.000000 
9.900000 3.256250 15.000000 
9.850000 3.259375 15.000000 
9.800000 3.262500 15.000000 
9.750000 3.265625 15.000000 
9.700000 3.268750 15.000000 
9.650000 3.271875 15.000000 
9.600000 3.275000 15.000000 
9.550000 3.278125 15.000000 
9.500000 3.281250 15.000000 
9.450000 3.284375 15.000000 
9.400000 3.287500 15.000000 
9.350000 3.290625 15.000000 
9.300000 3.293750 15.000000 
9.250000 3.296875 15.000000 
9.200000 3.300000 15.000000 
9.150000 3.303125 15.000000 
9.100000 3.306250 15.000000 
9.050000 3.309375 15.000000 
9.000000 3.312500 15.000000 
8.950000 3.315625 15.000000 
8.900000 3.318750 15.000000 
8.850000 3.321875 15.000000 
8.800000 3.325000 15.000000 
8.750000 3.328125 15.000000 
8.700000 3.331250 15.000000 
8.650000 3.334375 15.000000 
8.600000 3.337500 15.000000 
8.550000 3.340625 15.000000 
8.500000 3.343750 15.000000 
8.450000 3.346875 15.000000 
8.400000 3.350000 15.000000 
8.350000 3.353125 15.000000 
8.300000 3.356250 15.000000 
8.250000 3.359375 15.000000 
8.200000 3.362500 15.000000 
8.150000 3.365625 15.000000 
8.100000 3.368750 15.000000 
8.050000 3.371875 15.000000 
8.000000 3.375000 15.000000 
7.950000 3.378125 15.000000 
7.900000 3.381250 15.000000 
7.850000 3.384375 15.000000 
7.800000 3.387500 15.000000 
7.750000 3.390625 15.000000 
7.700000 3.393750 15.000000 
7.650000 3.396875 15.000000 
7.600000 3.400000 15.000000 
7.550000 3.403125 15.000000 
7.500000 3.406250 15.000000 
7.450000 3.409375 15.000000 
7.400000 3.412500 15.000000 
7.350000 3.415625 15.000000 
7.300000 3.418750 15.000000 
7.250000 3.421875 15.000000 
7.200000 3.425000 15.000000 
7.150000 3.428125 15.000000 
7.100000 3.431250 15.000000 
7.050000 3.434375 15.000000 
7.000000 3.437500 15.000000 
6.950000 3.440625 15.000000 
6.900000 3.443750 15.000000 
6.850000 3.446875 15.000000 
6.800000 3.450000 15.000000 
6.750000 3.453125 15.000000 
6.700000 3.456250 15.000000 
6.650000 3.459375 15.000000 
6.600000 3.462500 15.000000 
6.550000 3.465625 15.000000 
6.500000 3.468750 15.000000 
6.450000 3.471875 15.000000 
6.400000 3.475000 15.000000 
6.350000 3.478125 15.000000 
6.300000 3.481250 15.000000 
6.250000 3.484375 15.000000 
6.200000 3.487500 15.000000 
6.150000 3.490625 15.000000 
6.100000 3.493750 15.000000 
6.050000 3.496875 15.000000 
6.000000 3.500000 15.000000 
6.000000 3.500000 15.000000 
5.999013 3.531395 15.000000 
5.996057 3.562667 15.000000 
5.991144 3.593691 15.000000 
5.984292 3.624345 15.000000 
5.975528 3.654508 15.000000 
5.964888 3.684062 15.000000 
5.952414 3.712890 15.000000 
5.938153 3.740877 15.000000 
5.922164 3.767913 15.000000 
5.904508 3.793893 15.000000 
5.885257 3.818712 15.000000 
5.864484 3.842274 15.000000 
5.842274 3.864484 15.000000 
5.818712 3.885257 15.000000 
5.793893 3.904508 15.000000 
5.767913 3.922164 15.000000 
5.740877 3.938153 15.000000 
5.712890 3.952414 15.000000 
5.684062 3.964888 15.000000 
5.654508 3.975528 15.000000 
5.624345 3.984292 15.000000 
5.593691 3.991144 15.000000 
5.562667 3.996057 15.000000 
5.531395 3.999013 15.000000 
5.500000 4.000000 15.000000 
5.500000 4.000000 15.000000 
5.499013 4.031395 15.000000 
5.496057 4.062667 15.000000 
5.491144 4.093691 15.000000 
5.484292 4.124345 15.000000 
5.475528 4.154508 15.000000 
5.464888 4.184062 15.000000 
5.452414 4.212890 15.000000 
5.438153 4.240877 15.000000 
5.422164 4.267913 15.000000 
5.404508 4.293893 15.000000 
5.385257 4.318712 15.000000 
5.364484 4.342274 15.000000 
5.342274 4.364484 15.000000 
5.318712 4.385257 15.000000 
5.293893 4.404508 15.000000 
5.267913 4.422164 15.000000 
5.240877 4.438153 15.000000 
5.212890 4.452414 15.000000 
5.184062 4.464888 15.000000 
5.154508 4.475528 15.000000 
5.124345 4.484292 15.000000 
5.093691 4.491144 15.000000 
5.062667 4.496057 15.000000 
5.031395 4.499013 15.000000 
5.000000 4.500000 15.000000 
4.968605 4.499013 15.000000 
4.937333 4.496057 15.000000 
4.906309 4.491144 15.000000 
4.875655 4.484292 15.000000 
4.845492 4.475528 15.000000 
4.815938 4.464888 15.000000 
4.787110 4.452414 15.000000 
4.759123 4.438153 15.000000 
4.732087 4.422164 15.000000 
4.706107 4.404508 15.000000 
4.681288 4.385257 15.000000 
4.657726 4.364484 15.000000 
4.635516 4.342274 15.000000 
4.614743 4.318712 15.000000 
4.595492 4.293893 15.000000 
4.577836 4.267913 15.000000 
4.561847 4.240877 15.000000 
4.547586 4.212890 15.000000 
4.535112 4.184062 15.000000 
4.524472 4.154508 15.000000 
4.515708 4.124345 15.000000 
4.508856 4.093691 15.000000 
4.503943 4.062667 15.000000 
4.500987 4.031395 15.000000 
4.500000 4.000000 15.000000 
4.500000 4.000000 15.000000 
4.468605 3.999013 15.000000 
4.437333 3.996057 15.000000 
4.406309 3.991144 15.000000 
4.375655 3.984292 15.000000 
4.345492 3.975528 15.000000 
4.315938 3.964888 15.000000 
4.287110 3.952414 15.000000 
4.259123 3.938153 15.000000 
4.232087 3.922164 15.000000 
4.206107 3.904508 15.000000 
4.181288 3.885257 15.000000 
4.157726 3.864484 15.000000 
4.135516 3.842274 15.000000 
4.114743 3.818712 15.000000 
4.095492 3.793893 15.000000 
4.077836 3.767913 15.000000 
4.061847 3.740877 15.000000 
4.047586 3.712890 15.000000 
4.035112 3.684062 15.000000 
4.024472 3.654508 15.000000 
4.015708 3.624345 15.000000 
4.008856 3.593691 15.000000 
4.003943 3.562667 15.000000 
4.000987 3.531395 15.000000 
4.000000 3.500000 15.000000 
4.000000 3.500000 15.000000 
3.950000 3.496875 15.000000 
3.900000 3.493750 15.000000 
3.850000 3.490625 15.000000 
3.800000 3.487500 15.000000 
3.750000 3.484375 15.000000 
3.700000 3.481250 15.000000 
3.650000 3.478125 15.000000 
3.600000 3.475000 15.000000 
3.550000 3.471875 15.000000 
3.500000 3.468750 15.000000 
3.450000 3.465625 15.000000 
3.400000 3.462500 15.000000 
3.350000 3.459375 15.000000 
3.300000 3.456250 15.000000 
3.250000 3.453125 15.000000 
3.200000 3.450000 15.000000 
3.150000 3.446875 15.000000 
3.100000 3.443750 15.000000 
3.050000 3.440625 15.000000 
3.000000 3.437500 15.000000 
2.950000 3.434375 15.000000 
2.900000 3.431250 15.000000 
2.850000 3.428125 15.000000 
2.800000 3.425000 15.000000 
2.750000 3.421875 15.000000 
2.700000 3.418750 15.000000 
2.650000 3.415625 15.000000 
2.600000 3.412500 15.000000 
2.550000 3.409375 15.000000 
2.500000 3.406250 15.000000 
2.450000 3.403125 15.000000 
2.400000 3.400000 15.000000 
2.350000 3.396875 15.000000 
2.300000 3.393750 15.000000 
2.250000 3.390625 15.000000 
2.200000 3.387500 15.000000 
2.150000 3.384375 15.000000 
2.100000 3.381250 15.000000 
2.050000 3.378125 15.000000 
2.000000 3.375000 15.000000 
1.950000 3.371875 15.000000 
1.900000 3.368750 15.000000 
1.850000 3.365625 15.000000 
1.800000 3.362500 15.000000 
1.750000 3.359375 15.000000 
1.700000 3.356250 15.000000 
1.650000 3.353125 15.000000 
1.600000 3.350000 15.000000 
1.550000 3.346875 15.000000 
1.500000 3.343750 15.000000 
1.450000 3.340625 15.000000 
1.400000 3.337500 15.000000 
1.350000 3.334375 15.000000 
1.300000 3.331250 15.000000 
1.250000 3.328125 15.000000 
1.200000 3.325000 15.000000 
1.150000 3.321875 15.000000 
1.100000 3.318750 15.000000 
1.050000 3.315625 15.000000 
1.000000 3.312500 15.000000 
0.950000 3.309375 15.000000 
0.900000 3.306250 15.000000 
0.850000 3.303125 15.000000 
0.800000 3.300000 15.000000 
0.750000 3.296875 15.000000 
0.700000 3.293750 15.000000 
0.650000 3.290625 15.000000 
0.600000 3.287500 15.000000 
0.550000 3.284375 15.000000 
0.500000 3.281250 15.000000 
0.450000 3.278125 15.000000 
0.400000 3.275000 15.000000 
0.350000 3.271875 15.000000 
0.300000 3.268750 15.000000 
0.250000 3.265625 15.000000 
0.200000 3.262500 15.000000 
0.150000 3.259375 15.000000 
0.100000 3.256250 15.000000 
0.050000 3.253125 15.000000 
0.000000 3.250000 15.000000 
0.000000 3.250000 15.000000 
0.050000 3.246875 15.000000 
0.100000 3.243750 15.000000 
0.150000 3.240625 15.000000 
0.200000 3.237500 15.000000 
0.250000 3.234375 15.000000 
0.300000 3.231250 15.000000 
0.350000 3.228125 15.000000 
0.400000 3.225000 15.000000 
0.450000 3.221875 15.000000 
0.500000 3.218750 15.000000 
0.550000 3.215625 15.000000 
0.600000 3.212500 15.000000 
0.650000 3.209375 15.000000 
0.700000 3.206250 15.000000 
0.750000 3.203125 15.000000 
0.800000 3.200000 15.000000 
0.850000 3.196875 15.000000 
0.900000 3.193750 15.000000 
0.950000 3.190625 15.000000 
1.000000 3.187500 15.000000 
1.050000 3.184375 15.000000 
1.100000 3.181250 15.000000 
1.150000 3.178125 15.000000 
1.200000 3.175000 15.000000 
1.250000 3.171875 15.000000 
1.300000 3.168750 15.000000 
1.350000 3.165625 15.000000 
1.400000 3.162500 15.000000 
1.450000 3.159375 15.000000 
1.500000 3.156250 15.000000 
1.550000 3.153125 15.000000 
1.600000 3.150000 15.000000 
1.650000 3.146875 15.000000 
1.700000 3.143750 15.000000 
1.750000 3.140625 15.000000 
1.800000 3.137500 15.000000 
1.850000 3.134375 15.000000 
1.900000 3.131250 15.000000 
1.950000 3.128125 15.000000 
2.000000 3.125000 15.000000 
2.050000 3.121875 15.000000 
2.100000 3.118750 15.000000 
2.150000 3.115625 15.000000 
2.200000 3.112500 15.000000 
2.250000 3.109375 15.000000 
2.300000 3.106250 15.000000 
2.350000 3.103125 15.000000 
2.400000 3.100000 15.000000 
2.450000 3.096875 15.000000 
2.500000 3.093750 15.000000 
2.550000 3.090625 15.000000 
2.600000 3.087500 15.000000 
2.650000 3.084375 15.000000 
2.700000 3.081250 15.000000 
2.750000 3.078125 15.000000 
2.800000 3.075000 15.000000 
2.850000 3.071875 15.000000 
2.900000 3.068750 15.000000 
2.950000 3.065625 15.000000 
3.000000 3.062500 15.000000 
3.050000 3.059375 15.000000 
3.100000 3.056250 15.000000 
3.150000 3.053125 15.000000 
3.200000 3.050000 15.000000 
3.250000 3.046875 15.000000 
3.300000 3.043750 15.000000 
3.350000 3.040625 15.000000 
3.400000 3.037500 15.000000 
3.450000 3.034375 15.000000 
3.500000 3.031250 15.000000 
3.550000 3.028125 15.000000 
3.600000 3.025000 15.000000 
3.650000 3.021875 15.000000 
3.700000 3.018750 15.000000 
3.750000 3.015625 15.000000 
3.800000 3.012500 15.000000 
3.850000 3.009375 15.000000 
3.900000 3.006250 15.000000 
3.950000 3.003125 15.000000 
4.000000 3.000000 15.000000 
4.000000 3.000000 15.000000 
4.010000 2.990000 15.000000 
4.020000 2.980000 15.000000 
4.030000 2.970000 15.000000 
4.040000 2.960000 15.000000 
4.050000 2.950000 15.000000 
4.060000 2.940000 15.000000 
4.070000 2.930000 15.000000 
4.080000 2.920000 15.000000 
4.090000 2.910000 15.000000 
4.100000 2.900000 15.000000 
4.110000 2.890000 15.000000 
4.120000 2.880000 15.000000 
4.130000 2.870000 15.000000 
4.140000 2.860000 15.000000 
4.150000 2.850000 15.000000 
4.160000 2.840000 15.000000 
4.170000 2.830000 15.000000 
4.180000 2.820000 15.000000 
4.190000 2.810000 15.000000 
4.200000 2.800000 15.000000 
4.210000 2.790000 15.000000 
4.220000 2.780000 15.000000 
4.230000 2.770000 15.000000 
4.240000 2.760000 15.000000 
4.250000 2.750000 15.000000 
