4.250000 2.750000 17.000000 
4.300000 2.750000 17.000000 
4.350000 2.750000 17.000000 
4.400000 2.750000 17.000000 
4.450000 2.750000 17.000000 
4.500000 2.750000 17.000000 
4.550000 2.750000 17.000000 
4.600000 2.750000 17.000000 
4.650000 2.750000 17.000000 
4.700000 2.750000 17.000000 
4.750000 2.750000 17.000000 
4.800000 2.750000 17.000000 
4.850000 2.750000 17.000000 
4.900000 2.750000 17.000000 
4.950000 2.750000 17.000000 
5.000000 2.750000 17.000000 
5.050000 2.750000 17.000000 
5.100000 2.750000 17.000000 
5.150000 2.750000 17.000000 
5.200000 2.750000 17.000000 
5.250000 2.750000 17.000000 
5.300000 2.750000 17.000000 
5.350000 2.750000 17.000000 
5.400000 2.750000 17.000000 
5.450000 2.750000 17.000000 
5.500000 2.750000 17.000000 
5.550000 2.750000 17.000000 
5.600000 2.750000 17.000000 
5.650000 2.750000 17.000000 
5.700000 2.750000 17.000000 
5.750000 2.750000 17.000000 
5.750000 2.750000 17.000000 
5.760000 2.760000 17.000000 
5.770000 2.770000 17.000000 
5.780000 2.780000 17.000000 
5.790000 2.790000 17.000000 
5.800000 2.800000 17.000000 
5.810000 2.810000 17.000000 
5.820000 2.820000 17.000000 
5.830000 2.830000 17.000000 
5.840000 2.840000 17.000000 
5.850000 2.850000 17.000000 
5.860000 2.860000 17.000000 
5.870000 2.870000 17.000000 
5.880000 2.880000 17.000000 
5.890000 2.890000 17.000000 
5.900000 2.900000 17.000000 
5.910000 2.910000 17.000000 
5.920000 2.920000 17.000000 
5.930000 2.930000 17.000000 
5.940000 2.940000 17.000000 
5.950000 2.950000 17.000000 
5.960000 2.960000 17.000000 
5.970000 2.970000 17.000000 
5.980000 2.980000 17.000000 
5.990000 2.990000 17.000000 
6.000000 3.000000 17.000000 
6.000000 3.000000 17.000000 
6.031395 3.000987 17.000000 
6.062667 3.003943 17.000000 
6.093691 3.008856 17.000000 
6.124345 3.015708 17.000000 
6.154508 3.024472 17.000000 
6.184062 3.035112 17.000000 
6.212890 3.047586 17.000000 
6.240877 3.061847 17.000000 
6.267913 3.077836 17.000000 
6.293893 3.095492 17.000000 
6.318712 3.114743 17.000000 
6.342274 3.135516 17.000000 
6.364484 3.157726 17.000000 
6.385257 3.181288 17.000000 
6.404508 3.206107 17.000000 
6.422164 3.232087 17.000000 
6.438153 3.259123 17.000000 
6.452414 3.287110 17.000000 
6.464888 3.315938 17.000000 
6.475528 3.345492 17.000000 
6.484292 3.375655 17.000000 
6.491144 3.406309 17.000000 
6.496057 3.437333 17.000000 
6.499013 3.468605 17.000000 
6.500000 3.500000 17.000000 
6.499013 3.531395 17.000000 
6.496057 3.562667 17.000000 
6.491144 3.593691 17.000000 
6.484292 3.624345 17.000000 
6.475528 3.654508 17.000000 
6.464888 3.684062 17.000000 
6.452414 3.712890 17.000000 
6.438153 3.740877 17.000000 
6.422164 3.767913 17.000000 
6.404508 3.793893 17.000000 
6.385257 3.818712 17.000000 
6.364484 3.842274 17.000000 
6.342274 3.864484 17.000000 
6.318712 3.885257 17.000000 
6.293893 3.904508 17.000000 
6.267913 3.922164 17.000000 
6.240877 3.938153 17.000000 
6.212890 3.952414 17.000000 
6.184062 3.964888 17.000000 
6.154508 3.975528 17.000000 
6.124345 3.984292 17.000000 
6.093691 3.991144 17.000000 
6.062667 3.996057 17.000000 
6.031395 3.999013 17.000000 
6.000000 4.000000 17.000000 
6.000000 4.000000 17.000000 
5.950000 4.000000 17.000000 
5.900000 4.000000 17.000000 
5.850000 4.000000 17.000000 
5.800000 4.000000 17.000000 
5.750000 4.000000 17.000000 
5.700000 4.000000 17.000000 
5.650000 4.000000 17.000000 
5.600000 4.000000 17.000000 
5.550000 4.000000 17.000000 
5.500000 4.000000 17.000000 
5.450000 4.000000 17.000000 
5.400000 4.000000 17.000000 
5.350000 4.000000 17.000000 
5.300000 4.000000 17.000000 
5.250000 4.000000 17.000000 
5.250000 4.000000 17.000000 
5.240000 4.100000 17.000000 
5.230000 4.200000 17.000000 
5.220000 4.300000 17.000000 
5.210000 4.400000 17.000000 
5.200000 4.500000 17.000000 
5.190000 4.600000 17.000000 
5.180000 4.700000 17.000000 
5.170000 4.800000 17.000000 
5.160000 4.900000 17.000000 
5.150000 5.000000 17.000000 
5.140000 5.100000 17.000000 
5.130000 5.200000 17.000000 
5.120000 5.300000 17.000000 
5.110000 5.400000 17.000000 
5.100000 5.500000 17.000000 
5.090000 5.600000 17.000000 
5.080000 5.700000 17.000000 
5.070000 5.800000 17.000000 
5.060000 5.900000 17.000000 
5.050000 6.000000 17.000000 
5.040000 6.100000 17.000000 
5.030000 6.200000 17.000000 
5.020000 6.300000 17.000000 
5.010000 6.400000 17.000000 
5.000000 6.500000 17.000000 
5.000000 6.500000 17.000000 
4.990000 6.400000 17.000000 
4.980000 6.300000 17.000000 
4.970000 6.200000 17.000000 
4.960000 6.100000 17.000000 
4.950000 6.000000 17.000000 
4.940000 5.900000 17.000000 
4.930000 5.800000 17.000000 
4.920000 5.700000 17.000000 
4.910000 5.600000 17.000000 
4.900000 5.500000 17.000000 
4.890000 5.400000 17.000000 
4.880000 5.300000 17.000000 
4.870000 5.200000 17.000000 
4.860000 5.100000 17.000000 
4.850000 5.000000 17.000000 
4.840000 4.900000 17.000000 
4.830000 4.800000 17.000000 
4.820000 4.700000 17.000000 
4.810000 4.600000 17.000000 
4.800000 4.500000 17.000000 
4.790000 4.400000 17.000000 
4.780000 4.300000 17.000000 
4.770000 4.200000 17.000000 
4.760000 4.100000 17.000000 
4.750000 4.000000 17.000000 
4.750000 4.000000 17.000000 
4.700000 4.000000 17.000000 
4.650000 4.000000 17.000000 
4.600000 4.000000 17.000000 
4.550000 4.000000 17.000000 
4.500000 4.000000 17.000000 
4.450000 4.000000 17.000000 
4.400000 4.000000 17.000000 
4.350000 4.000000 17.000000 
4.300000 4.000000 17.000000 
4.250000 4.000000 17.000000 
4.200000 4.000000 17.000000 
4.150000 4.000000 17.000000 
4.100000 4.000000 17.000000 
4.050000 4.000000 17.000000 
4.000000 4.000000 17.000000 
4.000000 4.000000 17.000000 
3.968605 3.999013 17.000000 
3.937333 3.996057 17.000000 
3.906309 3.991144 17.000000 
3.875655 3.984292 17.000000 
3.845492 3.975528 17.000000 
3.815938 3.964888 17.000000 
3.787110 3.952414 17.000000 
3.759123 3.938153 17.000000 
3.732087 3.922164 17.000000 
3.706107 3.904508 17.000000 
3.681288 3.885257 17.000000 
3.657726 3.864484 17.000000 
3.635516 3.842274 17.000000 
3.614743 3.818712 17.000000 
3.595492 3.793893 17.000000 
3.577836 3.767913 17.000000 
3.561847 3.740877 17.000000 
3.547586 3.712890 17.000000 
3.535112 3.684062 17.000000 
3.524472 3.654508 17.000000 
3.515708 3.624345 17.000000 
3.508856 3.593691 17.000000 
3.503943 3.562667 17.000000 
3.500987 3.531395 17.000000 
3.500000 3.500000 17.000000 
3.500987 3.468605 17.000000 
3.503943 3.437333 17.000000 
3.508856 3.406309 17.000000 
3.515708 3.375655 17.000000 
3.524472 3.345492 17.000000 
3.535112 3.315938 17.000000 
3.547586 3.287110 17.000000 
3.561847 3.259123 17.000000 
3.577836 3.232087 17.000000 
3.595492 3.206107 17.000000 
3.614743 3.181288 17.000000 
3.635516 3.157726 17.000000 
3.657726 3.135516 17.000000 
3.681288 3.114743 17.000000 
3.706107 3.095492 17.000000 
3.732087 3.077836 17.000000 
3.759123 3.061847 17.000000 
3.787110 3.047586 17.000000 
3.815938 3.035112 17.000000 
3.845492 3.024472 17.000000 
3.875655 3.015708 17.000000 
3.906309 3.008856 17.000000 
3.937333 3.003943 17.000000 
3.968605 3.000987 17.000000 
4.000000 3.000000 17.000000 
4.000000 3.000000 17.000000 
4.010000 2.990000 17.000000 
4.020000 2.980000 17.000000 
4.030000 2.970000 17.000000 
4.040000 2.960000 17.000000 
4.050000 2.950000 17.000000 
4.060000 2.940000 17.000000 
4.070000 2.930000 17.000000 
4.080000 2.920000 17.000000 
4.090000 2.910000 17.000000 
4.100000 2.900000 17.000000 
4.110000 2.890000 17.000000 
4.120000 2.880000 17.000000 
4.130000 2.870000 17.000000 
4.140000 2.860000 17.000000 
4.150000 2.850000 17.000000 
4.160000 2.840000 17.000000 
4.170000 2.830000 17.000000 
4.180000 2.820000 17.000000 
4.190000 2.810000 17.000000 
4.200000 2.800000 17.000000 
4.210000 2.790000 17.000000 
4.220000 2.780000 17.000000 
4.230000 2.770000 17.000000 
4.240000 2.760000 17.000000 
4.250000 2.750000 17.000000 
