4.000000 3.000000 5.000000 
4.100000 3.000000 5.000000 
4.200000 3.000000 5.000000 
4.300000 3.000000 5.000000 
4.400000 3.000000 5.000000 
4.500000 3.000000 5.000000 
4.600000 3.000000 5.000000 
4.700000 3.000000 5.000000 
4.800000 3.000000 5.000000 
4.900000 3.000000 5.000000 
5.000000 3.000000 5.000000 
5.100000 3.000000 5.000000 
5.200000 3.000000 5.000000 
5.300000 3.000000 5.000000 
5.400000 3.000000 5.000000 
5.500000 3.000000 5.000000 
5.600000 3.000000 5.000000 
5.700000 3.000000 5.000000 
5.800000 3.000000 5.000000 
5.900000 3.000000 5.000000 
6.000000 3.000000 5.000000 
6.000000 3.000000 5.000000 
6.050000 3.006250 5.000000
6.070000 3.008250 5.000000
6.100000 3.012500 5.000000 
6.150000 3.018750 5.000000 
6.200000 3.025000 5.000000 
6.250000 3.031250 5.000000 
6.300000 3.037500 5.000000 
6.350000 3.043750 5.000000 
6.400000 3.050000 5.000000 
6.450000 3.056250 5.000000 
6.500000 3.062500 5.000000 
6.550000 3.068750 5.000000 
6.600000 3.075000 5.000000 
6.650000 3.081250 5.000000 
6.700000 3.087500 5.000000 
6.750000 3.093750 5.000000 
6.800000 3.100000 5.000000 
6.850000 3.106250 5.000000 
6.900000 3.112500 5.000000 
6.950000 3.118750 5.000000 
7.000000 3.125000 5.000000 
7.050000 3.131250 5.000000 
7.100000 3.137500 5.000000 
7.150000 3.143750 5.000000 
7.200000 3.150000 5.000000 
7.250000 3.156250 5.000000 
7.300000 3.162500 5.000000 
7.350000 3.168750 5.000000 
7.400000 3.175000 5.000000 
7.450000 3.181250 5.000000 
7.500000 3.187500 5.000000 
7.550000 3.193750 5.000000 
7.600000 3.200000 5.000000 
7.650000 3.206250 5.000000 
7.700000 3.212500 5.000000 
7.750000 3.218750 5.000000 
7.800000 3.225000 5.000000 
7.850000 3.231250 5.000000 
7.900000 3.237500 5.000000 
7.950000 3.243750 5.000000 
8.000000 3.250000 5.000000 
8.000000 3.250000 5.000000 
7.950000 3.256250 5.000000 
7.900000 3.262500 5.000000 
7.850000 3.268750 5.000000 
7.800000 3.275000 5.000000 
7.750000 3.281250 5.000000 
7.700000 3.287500 5.000000 
7.650000 3.293750 5.000000 
7.600000 3.300000 5.000000 
7.550000 3.306250 5.000000 
7.500000 3.312500 5.000000 
7.450000 3.318750 5.000000 
7.400000 3.325000 5.000000 
7.350000 3.331250 5.000000 
7.300000 3.337500 5.000000 
7.250000 3.343750 5.000000 
7.200000 3.350000 5.000000 
7.150000 3.356250 5.000000 
7.100000 3.362500 5.000000 
7.050000 3.368750 5.000000 
7.000000 3.375000 5.000000 
6.950000 3.381250 5.000000 
6.900000 3.387500 5.000000 
6.850000 3.393750 5.000000 
6.800000 3.400000 5.000000 
6.750000 3.406250 5.000000 
6.700000 3.412500 5.000000 
6.650000 3.418750 5.000000 
6.600000 3.425000 5.000000 
6.550000 3.431250 5.000000 
6.500000 3.437500 5.000000 
6.450000 3.443750 5.000000 
6.400000 3.450000 5.000000 
6.350000 3.456250 5.000000 
6.300000 3.462500 5.000000 
6.250000 3.468750 5.000000 
6.200000 3.475000 5.000000 
6.150000 3.481250 5.000000 
6.100000 3.487500 5.000000 
6.050000 3.493750 5.000000 
6.000000 3.500000 5.000000 
6.000000 3.500000 5.000000 
5.999013 3.531395 5.000000 
5.996057 3.562667 5.000000 
5.991144 3.593691 5.000000 
5.984292 3.624345 5.000000 
5.975528 3.654508 5.000000 
5.964888 3.684062 5.000000 
5.952414 3.712890 5.000000 
5.938153 3.740877 5.000000 
5.922164 3.767913 5.000000 
5.904508 3.793893 5.000000 
5.885257 3.818712 5.000000 
5.864484 3.842274 5.000000 
5.842274 3.864484 5.000000 
5.818712 3.885257 5.000000 
5.793893 3.904508 5.000000 
5.767913 3.922164 5.000000 
5.740877 3.938153 5.000000 
5.712890 3.952414 5.000000 
5.684062 3.964888 5.000000 
5.654508 3.975528 5.000000 
5.624345 3.984292 5.000000 
5.593691 3.991144 5.000000 
5.562667 3.996057 5.000000 
5.531395 3.999013 5.000000 
5.500000 4.000000 5.000000 
5.500000 4.000000 5.000000 
5.499013 4.031395 5.000000 
5.496057 4.062667 5.000000 
5.491144 4.093691 5.000000 
5.484292 4.124345 5.000000 
5.475528 4.154508 5.000000 
5.464888 4.184062 5.000000 
5.452414 4.212890 5.000000 
5.438153 4.240877 5.000000 
5.422164 4.267913 5.000000 
5.404508 4.293893 5.000000 
5.385257 4.318712 5.000000 
5.364484 4.342274 5.000000 
5.342274 4.364484 5.000000 
5.318712 4.385257 5.000000 
5.293893 4.404508 5.000000 
5.267913 4.422164 5.000000 
5.240877 4.438153 5.000000 
5.212890 4.452414 5.000000 
5.184062 4.464888 5.000000 
5.154508 4.475528 5.000000 
5.124345 4.484292 5.000000 
5.093691 4.491144 5.000000 
5.062667 4.496057 5.000000 
5.031395 4.499013 5.000000 
5.000000 4.500000 5.000000 
4.968605 4.499013 5.000000 
4.937333 4.496057 5.000000 
4.906309 4.491144 5.000000 
4.875655 4.484292 5.000000 
4.845492 4.475528 5.000000 
4.815938 4.464888 5.000000 
4.787110 4.452414 5.000000 
4.759123 4.438153 5.000000 
4.732087 4.422164 5.000000 
4.706107 4.404508 5.000000 
4.681288 4.385257 5.000000 
4.657726 4.364484 5.000000 
4.635516 4.342274 5.000000 
4.614743 4.318712 5.000000 
4.595492 4.293893 5.000000 
4.577836 4.267913 5.000000 
4.561847 4.240877 5.000000 
4.547586 4.212890 5.000000 
4.535112 4.184062 5.000000 
4.524472 4.154508 5.000000 
4.515708 4.124345 5.000000 
4.508856 4.093691 5.000000 
4.503943 4.062667 5.000000 
4.500987 4.031395 5.000000 
4.500000 4.000000 5.000000 
4.500000 4.000000 5.000000 
4.468605 3.999013 5.000000 
4.437333 3.996057 5.000000 
4.406309 3.991144 5.000000 
4.375655 3.984292 5.000000 
4.345492 3.975528 5.000000 
4.315938 3.964888 5.000000 
4.287110 3.952414 5.000000 
4.259123 3.938153 5.000000 
4.232087 3.922164 5.000000 
4.206107 3.904508 5.000000 
4.181288 3.885257 5.000000 
4.157726 3.864484 5.000000 
4.135516 3.842274 5.000000 
4.114743 3.818712 5.000000 
4.095492 3.793893 5.000000 
4.077836 3.767913 5.000000 
4.061847 3.740877 5.000000 
4.047586 3.712890 5.000000 
4.035112 3.684062 5.000000 
4.024472 3.654508 5.000000 
4.015708 3.624345 5.000000 
4.008856 3.593691 5.000000 
4.003943 3.562667 5.000000 
4.000987 3.531395 5.000000 
4.000000 3.500000 5.000000 
4.000000 3.500000 5.000000 
3.950000 3.493750 5.000000 
3.900000 3.487500 5.000000 
3.850000 3.481250 5.000000 
3.800000 3.475000 5.000000 
3.750000 3.468750 5.000000 
3.700000 3.462500 5.000000 
3.650000 3.456250 5.000000 
3.600000 3.450000 5.000000 
3.550000 3.443750 5.000000 
3.500000 3.437500 5.000000 
3.450000 3.431250 5.000000 
3.400000 3.425000 5.000000 
3.350000 3.418750 5.000000 
3.300000 3.412500 5.000000 
3.250000 3.406250 5.000000 
3.200000 3.400000 5.000000 
3.150000 3.393750 5.000000 
3.100000 3.387500 5.000000 
3.050000 3.381250 5.000000 
3.000000 3.375000 5.000000 
2.950000 3.368750 5.000000 
2.900000 3.362500 5.000000 
2.850000 3.356250 5.000000 
2.800000 3.350000 5.000000 
2.750000 3.343750 5.000000 
2.700000 3.337500 5.000000 
2.650000 3.331250 5.000000 
2.600000 3.325000 5.000000 
2.550000 3.318750 5.000000 
2.500000 3.312500 5.000000 
2.450000 3.306250 5.000000 
2.400000 3.300000 5.000000 
2.350000 3.293750 5.000000 
2.300000 3.287500 5.000000 
2.250000 3.281250 5.000000 
2.200000 3.275000 5.000000 
2.150000 3.268750 5.000000 
2.100000 3.262500 5.000000 
2.050000 3.256250 5.000000 
2.000000 3.250000 5.000000 
2.000000 3.250000 5.000000 
2.050000 3.243750 5.000000 
2.100000 3.237500 5.000000 
2.150000 3.231250 5.000000 
2.200000 3.225000 5.000000 
2.250000 3.218750 5.000000 
2.300000 3.212500 5.000000 
2.350000 3.206250 5.000000 
2.400000 3.200000 5.000000 
2.450000 3.193750 5.000000 
2.500000 3.187500 5.000000 
2.550000 3.181250 5.000000 
2.600000 3.175000 5.000000 
2.650000 3.168750 5.000000 
2.700000 3.162500 5.000000 
2.750000 3.156250 5.000000 
2.800000 3.150000 5.000000 
2.850000 3.143750 5.000000 
2.900000 3.137500 5.000000 
2.950000 3.131250 5.000000 
3.000000 3.125000 5.000000 
3.050000 3.118750 5.000000 
3.100000 3.112500 5.000000 
3.150000 3.106250 5.000000 
3.200000 3.100000 5.000000 
3.250000 3.093750 5.000000 
3.300000 3.087500 5.000000 
3.350000 3.081250 5.000000 
3.400000 3.075000 5.000000 
3.450000 3.068750 5.000000 
3.500000 3.062500 5.000000 
3.550000 3.056250 5.000000 
3.600000 3.050000 5.000000 
3.650000 3.043750 5.000000 
3.700000 3.037500 5.000000 
3.750000 3.031250 5.000000 
3.800000 3.025000 5.000000 
3.850000 3.018750 5.000000 
3.900000 3.012500 5.000000 
3.950000 3.006250 5.000000 
4.000000 3.000000 5.000000 
